3,4,5,2*,,,,,1*,,,1*,7,5,4,,,,,4,,,4,3,1,4,,,3,,,2,,,1,3,2,,,,,,,
3,4,5,2*,,,,,1*,,,1*,7,5,4,,,,,4,,,4,3,1,4,,,3,,,2,,,1,3,2,,,,,,,
1,,135,5,3,2322,,,135,5,3,23,,,
135,5,3,2322,,,135,5,3,23,,,
135,5,3,2322,,,135,5,3,23,,,
135,5,3,2322,,,4,,3,,1,4,,3,,2,
3,,,3,,,3,,3,,2,3,,,3,,,3,,3,,2,3,,,3,,,3,,3,,2,2,,,
1,,1,25,3,,,3,,,3,,3,,2,3,,,3,,,3,,3,,2,3,,,3,,,3,,3,,2,2,,,,,,,
3,4,5,2*,,,,,1*,,,1*,7,5,4,,,,,4,,,4,3,1,4,,,3,,,2,,,1,3,2,,,,,,,
3,4,5,2*,,,,,1*,,,1*,7,5,4,,,,,4,,,4,3,1,4,,,3,,,2,,,1,3,2,,,,,,,
1,3,4,3,2,2,,,1,,,1,2,3,,,,,,,3,4,3,2,2,,,1,,,1,,,5,2,,,,,,,
1,3,4,3,2,2,,,1,,,1,2,3,,,,,,,3,4,3,2,2,,,1,,,1,,,5,2,,,,,,,
