5,,,,,,,,,,,,,,,6,5,4,3,2,1,235,432,1,,,17/2117/6/,17/6/,1,,,1,2,2,3,
5,,,,,,,2,,35,,,6,5,4,3,2,1,235,432,1,,,17/2117/6/,17/6/,1,,,1,2,2,3,
5,,,,,,,23235,,,6543543243212354432,1,,,17/2117/6/,17/6/,1,,,1,2,2,3,
5,,,,,,,23235,,,65435432432123542,,,1,,,17/2117/6/,17/6/,1,,,1,2,2,3,
5,,61*,,,5,61*6,5,6,5,4,3,2,1,23655443322117/2117/6/,17/6/,1,,,1,2,2,3,
5,,,6,,,1*,,,4,,,3,,,6543543223655443322117/2117/6/,17/6/,1,,,1,2,2,3,
5,,,6,,,2*,,,1*,2*1*765,6,5,432123655443322117/2117/6/,17/6/,1,,,1,2,2,3,
1*,2*3*2*,1*,1*72*1*1*7655,61*6,5,654323655443322117/2117/6/,17/6/,1,,,1,2,2,3,
1*2*3*3*2*1*61*2*2*1*7561*1*76356654432123655443322117/2117/6/,17/6/,1,,,1,2,2,3,
1*2*3*2*1*3*2*1*72*1*761*7656765765432123655443322117/2117/6/,17/6/,1,,,65432123
5,,,,,,,1*76543561*,,,,,,,5,61*65432,,,,,,,1,23217/6/1,,,,,,,65432123
5,,,235,1*76543561*,,,561*,5,61*65432,,,,,,,1,23217/6/6543212333553366
661*1*662*2*1*1*3*3*2*2*1*1*562*,1*7654321235654433221123217/7/6/6543212333553366
661*1*662*2*1*1*3*3*2*2*1*1*563*2*1*7654321236554433221123217/7/6/1,,,2*1*7654321235
1235432123523561*2*3*5*4*4*3*3*2*2*1*562*1*1*77635766543123217/7/6/1,,,2*1*76543212
5,,,6,,,1*,,,7,,,6,,,5,,,,,4,3,,,3,2,23432,,,7,6,6,5,4,3,2,1,2,3,
5432123543561*2*3*5*4*3*2*1*76562*1*1*776655443322117/2117/7/6/17/6/,1,,,,,,,,,,,,,,,
6,,,6,,,567665433,2,3,5,2,,,,,,,3,,,2,,,123217/6/,1,,,,,,,1,2,2,3,
6,,,6,,,567665433,2,3,5,2,,,,,,,3,,,2,,,123217/6/,123,235,54321235
6,,,6,,,567665433,2,3,5,2,,,,,,,3,,,,,2,,,,,123561*,,57654321235,
6,,,6,,,567665433,2,3,5,2,,,,,,,3,,,,,2,,,,,3,5,61*,,1*72*1*1*76,2*1*2*,
6,,,2*,,,6,,,3,,,6,,,3,2,123217/6/,1,,,,,,,2,3,5,6,1*,,,,,,,1*,7,7,6,
5,,,,,,,,,,,6,2*,1*,,,7,6,5,6,5,,,4,3,2,3,1,3,2,,,1,7/,6/,,,,,2,,,,,
1,,,,,,,,,,,4,3,2,,,5,4,3,,,6,5,4,,,1*,7,6,,,6,7,5,,,4,3,2,,,2,3,
5,,,5,,,4,3,6,,,6,,,5,6,1*,,,1*,,,7,6,2*,,,2*,,,3*,2*,1*,2*,3*,2*,1*,7,6,2*,
1*,,,5,6,7,6,5,4,3,2,1,,,2,3,5,6,2*,1*,,,7,6,5,5,,,4,3,2,1,,,1,2,3,
5432123543561*2*3*5*4*3*2*1*76562*1*1*776655443322117/2117/7/6/17/6/,1,,,,,,,,,,,,,,,
5,,,,,,,,,,,567656,,5,,,566535432,,,23543,2,1,,,236543235,,,,,,,
3,,,5,,,6,,,561*,76561*,1*,561*765435,4,3,2,1,,,,,,,123,235,432,1,,,
6,,,6,,,567665433,2,3,5,2,,,,,,,123,235,356,561*,1*72*1*1*76,2*,1*,2*,,,
6,,,3*,,,2*3*4*3*2*,,,1*2*3*2*1*,,,3,5,6,2*,1*,,,,,,,6,3*,2*,7,6,5,6,4,3,2,2,3,
5,,,,,62*1*,76565,4323132,17/6/,,2,,
1,,,,,432,543,654,1*76,675,432,23
5,5,436,6,561*,1*,762*,2*,3*2*1*2*3*2*1*762*
1*,567654321,23562*1*,7655,4321,123
5432123543561*2*3*5*4*3*2*1*76562*1*1*776655443322117/2117/7/6/17/6/,1,,,1,2,2,3,
5,,,6,,,1*,,,7,,,6,,,5,,,,,4,3,,,3,2,23432,,,7,6,6,5,4,3,2,1,2,3,
5,,,6,,,2*,,,1*,2*1*765,6,5,432123655443322117/2117/6/,17/6/,1,,,,,,,,,,,
